      -2.7565556       11.121000     0.011000000
      -2.7560656       11.157000     0.011000000
      -2.7555956       11.109000     0.012000000
      -2.7551056       11.117000     0.013000000
      -2.7546156       11.083000     0.013000000
      -1.7729356       11.034000     0.014000000
      -1.7724556       10.988000     0.015000000
      -1.7719556       10.978000     0.015000000
      -1.7714856       11.010000     0.016000000
      -1.7710056       10.997000     0.015000000
     -0.35595856       9.1000000       0.0000000
     -0.35179256       8.4000000       0.0000000
     -0.32705656       7.5000000       0.0000000
     -0.28615556       7.0000000      0.30000000
      0.19095444       4.7800000    0.0060000000
      0.19327444       4.7920000    0.0060000000
      0.19537444       4.7840000    0.0090000000
      0.19734444       4.8280000    0.0070000000
      0.19968444       4.8230000    0.0070000000
      0.20178444       4.7910000    0.0060000000
      0.20389444       4.8100000    0.0070000000
      0.20600444       4.8450000    0.0070000000
      0.20815444       4.8230000    0.0060000000
      0.21023444       4.8450000    0.0060000000
      0.21233444       4.8640000    0.0080000000
      0.21442444       4.8510000    0.0090000000
      0.21637444       4.8540000    0.0090000000
      0.21865444       4.8280000    0.0080000000
      0.22077444       4.8540000    0.0070000000
      0.22287444       4.8240000    0.0060000000
      0.22494444       4.8260000    0.0080000000
      0.22699444       4.8440000    0.0090000000
      0.22907444       4.8490000    0.0090000000
      0.23124444       4.8000000    0.0090000000
      0.23335444       4.8350000    0.0070000000
      0.23553444       4.7840000    0.0090000000
      0.23762444       4.8040000    0.0070000000
      0.23965444       4.7940000    0.0080000000
      0.24169444       4.8300000     0.010000000
      0.24395444       4.8220000    0.0090000000
      0.24597444       4.8260000    0.0090000000
      0.24809444       4.7920000     0.012000000
      0.25007444       4.7990000    0.0090000000
      0.25230444       4.7630000    0.0090000000
      0.25432444       4.7620000     0.010000000
      0.25650444       4.7480000    0.0090000000
      0.25860444       4.7250000     0.010000000
      0.26067444       4.7190000    0.0080000000
      0.26281444       4.7330000    0.0070000000
      0.26491444       4.6940000    0.0070000000
      0.26713444       4.6910000     0.011000000
      0.26911444       4.7020000     0.010000000
      0.27116444       4.7250000     0.012000000
      0.27313444       4.6830000    0.0090000000
      0.27583444       4.6990000     0.010000000
      0.27806444       4.6710000    0.0090000000
      0.28012444       4.6910000    0.0060000000
      0.28239444       4.6810000    0.0080000000
      0.28432444       4.6850000    0.0060000000
      0.28648444       4.6780000    0.0070000000
      0.28860444       4.6790000    0.0070000000
      0.29062444       4.6660000    0.0070000000
      0.29278444       4.6600000    0.0050000000
      0.29499444       4.6630000    0.0090000000
      0.29706444       4.6290000     0.010000000
      0.29924444       4.6060000     0.041000000
      0.30127444       4.6550000    0.0090000000
      0.30324444       4.6280000     0.011000000
      0.30548444       4.6230000     0.011000000
      0.30757444       4.6300000     0.011000000
      0.30979444       4.5870000     0.012000000
      0.31192444       4.6150000     0.011000000
      0.31399444       4.6020000     0.013000000
      0.31616444       4.5770000     0.013000000
      0.31829444       4.5720000     0.015000000
      0.32030444       4.5840000     0.014000000
      0.32211444       4.5930000     0.017000000
      0.85735444       4.8500000     0.070000000
      0.86805444       4.7860000       0.0000000
      0.91221644       4.6780000     0.032000000
      0.91230944       4.6410000     0.035000000
      0.92125444       4.6420000     0.086000000
      0.94637144       4.8380000     0.029000000
      0.94685744       4.8580000     0.027000000
      0.94733244       4.8790000     0.027000000
      0.94781844       4.8860000     0.027000000
      0.94831644       4.8280000     0.029000000
      0.94881344       4.9180000     0.027000000
      0.94934644       4.8790000     0.027000000
      0.95001744       4.9170000     0.028000000
      0.95059644       4.8800000     0.028000000
      0.95123244       4.9280000     0.028000000
      0.95186944       4.9230000     0.027000000
      0.95248244       4.8520000     0.030000000
      0.95303844       4.8260000     0.031000000
      0.95357044       4.8450000     0.033000000
      0.95416044       4.8520000     0.033000000
      0.97251444       4.7100000     0.010000000
      0.99740444       4.8670000     0.030000000
      0.99847444       4.9080000     0.027000000
      0.99954444       4.8700000     0.055000000
       1.0006144       4.9460000     0.032000000
       1.0016844       4.7920000     0.032000000
       1.0027544       4.8710000     0.033000000
       1.0038244       4.9150000     0.035000000
       1.0048944       4.8620000     0.038000000
       1.0059644       4.8520000     0.036000000
       1.0070244       4.9150000     0.045000000
       1.0080944       4.7860000     0.048000000
       1.0091644       4.9090000     0.046000000
       1.0102344       4.9720000     0.041000000
       1.0113044       4.9120000     0.067000000
       1.0124944       4.9010000     0.048000000
       1.0146244       4.8500000     0.034000000
       1.1777744       4.5590000    0.0060000000
       1.1783544       4.5130000      0.23000000
       1.2308144       5.1780000     0.070000000
       1.2310344       5.2060000     0.074000000
       1.2312444       5.2290000     0.077000000
       1.2314744       5.1900000     0.074000000
       1.2316844       5.2540000     0.077000000
       1.2319044       5.2340000     0.077000000
       1.2321144       5.2730000     0.070000000
       1.2378544       5.0320000     0.067000000
       1.2380544       5.0850000     0.063000000
       1.2382444       5.0970000     0.061000000
       1.2384744       5.1880000     0.057000000
       1.2386644       4.9920000     0.070000000
       1.2388844       4.9620000     0.072000000
       1.2391144       5.1410000     0.057000000
       1.2393444       5.0970000     0.060000000
       1.2395344       5.1600000     0.056000000
       1.2397144       5.1120000     0.062000000
       1.2399044       5.1100000     0.063000000
       1.3527744       6.0640000     0.029000000
       1.8653934       5.4800000     0.042000000
       1.8659954       5.5550000     0.038000000
       1.8665854       5.4980000     0.042000000
       1.8671644       5.4460000     0.039000000
       1.8677194       5.5390000     0.038000000
       1.8682874       5.4960000     0.039000000
       1.8688654       5.3930000     0.042000000
       1.8694324       5.4430000     0.037000000
       1.8700114       5.4210000     0.040000000
       1.8706014       5.4820000     0.035000000
       1.8711694       5.4630000     0.037000000
       1.8717364       5.4330000     0.036000000
       1.8723264       5.4500000     0.037000000
       1.8729054       5.5260000     0.034000000
       1.8734834       5.5010000     0.036000000
       1.8740744       5.4150000     0.039000000
       1.8746414       5.4490000     0.038000000
       1.8752084       5.5240000     0.035000000
       1.8757634       5.4740000     0.036000000
       1.8763314       5.5420000     0.035000000
       1.8769214       5.4380000     0.035000000
       1.8775114       5.5540000     0.036000000
       1.8780784       5.4220000     0.036000000
       1.8786574       5.4830000     0.034000000
       1.8792474       5.5080000     0.035000000
       1.8798384       5.5580000     0.039000000
       1.8804164       5.4680000     0.038000000
       1.8810184       5.5640000     0.035000000
       1.8816554       5.4820000     0.037000000
       1.8824764       5.4900000     0.036000000
       1.8831014       5.5090000     0.034000000
       1.8837264       5.4980000     0.035000000
       1.8843984       5.4810000     0.036000000
       1.8850004       5.4690000     0.034000000
       1.8856014       5.5030000     0.034000000
       1.8862614       5.4610000     0.036000000
       1.8868284       5.5160000     0.038000000
       1.8873954       5.5150000     0.036000000
       1.8879634       5.5730000     0.034000000
       1.8885184       5.5070000     0.038000000
       1.8890854       5.5060000     0.037000000
       1.8896524       5.5010000     0.035000000
       1.8902194       5.4880000     0.036000000
       1.8907984       5.4930000     0.037000000
       1.8913544       5.5120000     0.036000000
       1.8919094       5.4810000     0.034000000
       1.8924884       5.5120000     0.033000000
       1.8930674       5.4870000     0.035000000
       1.8936454       5.4870000     0.037000000
       1.8942014       5.4690000     0.036000000
       1.8965244       5.3040000     0.010000000
       1.8965854       5.5180000     0.035000000
       1.8971874       5.5330000     0.037000000
       1.8977434       5.4950000     0.037000000
       1.8983104       5.4530000     0.036000000
       1.8989004       5.4190000     0.037000000
       1.8994674       5.5150000     0.036000000
       1.9000344       5.4430000     0.036000000
       1.9006134       5.4600000     0.037000000
       1.9011924       5.4750000     0.037000000
       1.9017594       5.4920000     0.034000000
       1.9023144       5.3900000     0.042000000
       1.9029284       5.4570000     0.034000000
       1.9035304       5.4380000     0.035000000
       1.9040974       5.5130000     0.034000000
       1.9047224       5.4230000     0.037000000
       1.9053474       5.4710000     0.035000000
       1.9060644       5.4920000     0.036000000
       1.9066894       5.4520000     0.035000000
       1.9204844       5.3880000     0.054000000
       1.9222444       5.6000000     0.020000000
       1.9236144       5.3000000       0.0000000
       1.9411644       5.4740000     0.015000000
       1.9422444       5.4490000     0.031000000
       1.9433144       5.4880000     0.028000000
       1.9435444       5.3870000     0.015000000
       1.9443944       5.4960000     0.032000000
       1.9454744       5.4280000     0.023000000
       1.9455444       5.3760000     0.012000000
       1.9465444       5.4060000     0.031000000
       1.9476244       5.4080000     0.024000000
       1.9487044       5.4140000     0.034000000
       1.9497744       5.4040000     0.034000000
       1.9508544       5.4320000     0.023000000
       1.9538244       5.4170000     0.051000000
       2.0586974       4.9870000     0.059000000
       2.0588714       5.0040000     0.066000000
       2.1725044       5.5390000     0.020000000
       2.2307044       5.8010000     0.061000000
       2.2309144       5.8470000     0.076000000
       2.2311344       5.4520000     0.081000000
       2.2320544       5.7250000     0.090000000
       2.2326444       5.5820000     0.098000000
       2.2467134       5.3712000     0.058600000
       2.2468064       5.5432000     0.050700000
       2.2468984       5.2900000     0.067600000
       2.2470024       5.4160000     0.053300000
       2.2471074       5.4563000     0.054700000
       2.2472114       5.5541000     0.049400000
       2.2473034       5.5763000     0.048500000
       2.2474084       5.4149000     0.059100000
       2.2475234       5.6168000     0.045600000
       2.2476274       5.5860000     0.049000000
       2.2477324       5.4746000     0.054300000
       2.2478244       5.5095000     0.053200000
       2.2479404       5.3847000     0.058300000
       2.2480444       5.4436000     0.051700000
       2.2481374       5.4816000     0.052200000
       2.2482414       5.4055000     0.054500000
       2.2483454       5.4618000     0.053600000
       2.2484494       5.3588000     0.056500000
       2.2485424       5.4493000     0.055600000
       2.2486464       5.3096000     0.057500000
       2.2487514       5.4659000     0.026900000
       2.2488554       5.3033000     0.031900000
       2.2489594       5.3412000     0.030500000
       2.2490634       5.5132000     0.027300000
       2.2491674       5.5147000     0.026800000
       2.2492724       5.5858000     0.027400000
       2.2493764       5.5343000     0.025100000
       2.2494804       5.4079000     0.029500000
       2.2495964       5.4084000     0.028200000
       2.2497004       5.5046000     0.028000000
       2.2498164       5.4084000     0.029200000
       2.2499204       5.4225000     0.030200000
       2.2500244       5.4189000     0.029000000
       2.2501284       5.3527000     0.031100000
       2.2502444       5.4092000     0.029500000
       2.2503604       5.5480000     0.025200000
       2.2504644       5.3863000     0.030500000
       2.2505684       5.3786000     0.029800000
       2.2506844       5.3513000     0.030300000
       2.2507884       5.4749000     0.026700000
       2.2508824       5.4227000     0.014200000
       2.2509864       5.4750000     0.013700000
       2.2510784       5.5207000     0.014400000
       2.2511944       5.5137000     0.014000000
       2.2512874       5.5137000     0.013900000
       2.2513794       5.5178000     0.014500000
       2.2514954       5.5152000     0.014200000
       2.2515994       5.4762000     0.014100000
       2.2517034       5.5045000     0.014600000
       2.2518194       5.4853000     0.014300000
       2.2519234       5.4951000     0.013800000
       2.2520274       5.5420000     0.014100000
       2.2521434       5.5082000     0.013600000
       2.2522474       5.4897000     0.013900000
       2.2523634       5.4918000     0.013900000
       2.2524674       5.4699000     0.014300000
       2.2525714       5.5347000     0.013700000
       2.2526754       5.4562000     0.015300000
       2.2527804       5.4686000     0.014600000
       2.2528724       5.4988000     0.013900000
       2.2529794       5.5643000    0.0070000000
       2.2530834       5.5341000    0.0075000000
       2.2531994       5.5589000    0.0073000000
       2.2533034       5.5885000    0.0072000000
       2.2533954       5.5667000    0.0072000000
       2.2535234       5.5189000    0.0075000000
       2.2536504       5.6038000    0.0071000000
       2.2537544       5.5928000    0.0074000000
       2.2538704       5.5591000    0.0074000000
       2.2539864       5.5125000    0.0076000000
       2.2540904       5.6234000    0.0072000000
       2.2541944       5.5547000    0.0071000000
       2.2543104       5.5678000    0.0075000000
       2.2544144       5.5554000    0.0079000000
       2.2545414       5.5502000    0.0077000000
       2.2546454       5.5305000    0.0073000000
       2.2547614       5.6134000    0.0072000000
       2.2548654       5.5413000    0.0072000000
       2.2549694       5.5299000    0.0074000000
       2.2550974       5.5829000    0.0072000000
       2.9157404       5.7070000     0.021000000
       2.9163654       5.6660000     0.021000000
       2.9170714       5.6590000     0.022000000
       2.9177544       5.6350000     0.020000000
       2.9183444       5.7470000     0.018000000
       2.9189234       5.9050000     0.016000000
       2.9195024       5.9570000     0.017000000
       2.9200694       5.8770000     0.018000000
       2.9206594       5.8660000     0.017000000
       2.9212504       5.9340000     0.017000000
       2.9218404       5.8720000     0.018000000
       2.9222444       5.8800000     0.050000000
       2.9224304       5.9270000     0.016000000
       2.9230204       5.8910000     0.017000000
       2.9235994       5.8760000     0.022000000
       2.9240454       5.5810000     0.042000000
       2.9241494       5.6980000     0.041000000
       2.9241784       5.8770000     0.018000000
       2.9242304       5.6650000     0.038000000
       2.9247684       5.8920000     0.016000000
       2.9253584       5.9010000     0.017000000
       2.9259374       5.9180000     0.017000000
       2.9265164       5.9020000     0.017000000
       2.9270944       5.8930000     0.018000000
       2.9276734       5.8670000     0.019000000
       2.9395844       5.8000000       0.0000000
       2.9416644       5.8220000     0.034000000
       2.9536444       5.7690000     0.016000000
       2.9553444       5.7720000     0.010000000
       2.9569444       5.7830000     0.012000000
       2.9715444       5.7100000     0.012000000
       3.0084444       5.7500000       0.0000000
       3.1909344       6.7160000    0.0040000000
       3.1909344       6.7160000    0.0040000000
       3.1934044       6.6930000    0.0090000000
       3.1955044       6.6740000    0.0090000000
       3.1972944       6.5460000    0.0080000000
       3.1990844       6.7120000    0.0080000000
       3.2045744       6.8900000    0.0080000000
       3.2182444       6.7140000    0.0080000000
       3.2202544       6.7840000    0.0060000000
       3.2202544       6.6040000     0.016000000
       3.2222844       6.7100000     0.015000000
       3.2240744       6.6090000     0.016000000
       3.9056444       6.0920000    0.0080000000
       3.9069444       6.1080000    0.0060000000
       3.9080444       6.0790000    0.0080000000
       3.9221474       6.0800000     0.017000000
       3.9224714       6.0410000     0.017000000
       3.9227954       6.0230000     0.018000000
       3.9431044       6.2590000    0.0060000000
       3.9571294       6.5140000    0.0040000000
       3.9583564       6.6490000    0.0040000000
       3.9596944       6.2530000    0.0060000000
       3.9598264       6.8060000    0.0040000000
       3.9612734       6.7640000    0.0040000000
       3.9629284       6.8670000    0.0040000000
       3.9647104       6.8950000    0.0040000000
       3.9665044       6.7090000    0.0040000000
       3.9679054       6.6250000    0.0040000000
       3.9691084       6.8660000    0.0040000000
       3.9703124       6.8970000    0.0040000000
       3.9715274       6.9060000    0.0040000000
       3.9727314       6.6280000    0.0040000000
       3.9739354       6.8420000    0.0040000000
       3.9751384       6.8440000    0.0040000000
       3.9759344       5.7000000       0.0000000
       3.9763544       6.8830000    0.0040000000
       3.9775814       6.8750000    0.0040000000
       3.9777744       6.1550000     0.057000000
       3.9787964       6.8760000    0.0040000000
       3.9800004       6.8980000    0.0040000000
       3.9863344       6.2590000     0.037000000
       3.9874244       6.2290000     0.030000000
       3.9885044       6.2460000     0.034000000
       3.9895844       6.2880000     0.022000000
       3.9906644       6.1980000    0.0090000000
       3.9917544       6.2040000     0.030000000
       3.9928344       6.2470000     0.025000000
       3.9939144       6.2660000     0.033000000
       3.9949944       6.2770000     0.019000000
       3.9960744       6.2190000     0.037000000
       4.2185244       6.4320000     0.064000000
       4.2187144       6.5110000     0.058000000
       4.2190944       6.3880000     0.062000000
       4.2192944       6.2640000     0.068000000
       4.2194844       6.4760000     0.061000000
       4.2196744       6.3580000     0.070000000
       4.2200444       6.3290000     0.069000000
       4.2202544       6.3470000     0.067000000
       4.2204644       6.4710000     0.062000000
       4.2527434       6.6164000    0.0032000000
       4.2527434       6.6164000    0.0032000000
       4.2529054       6.6135000    0.0033000000
       4.2529054       6.6135000    0.0033000000
       4.2530674       6.6744000    0.0034000000
       4.2530674       6.6744000    0.0034000000
       4.2532064       6.6329000    0.0034000000
       4.2532064       6.6329000    0.0034000000
       4.2533564       6.5877000    0.0034000000
       4.2533564       6.5877000    0.0034000000
       4.2535184       6.6618000    0.0034000000
       4.2535184       6.6618000    0.0034000000
       4.2536804       6.5693000    0.0034000000
       4.2536804       6.5693000    0.0034000000
       4.2538424       6.6824000    0.0032000000
       4.2538424       6.6824000    0.0032000000
       4.2539934       6.6916000    0.0033000000
       4.2539934       6.6916000    0.0033000000
       4.2541434       6.7369000    0.0034000000
       4.2541434       6.7369000    0.0034000000
       4.2543174       6.6741000    0.0034000000
       4.2543174       6.6741000    0.0034000000
       4.2544674       6.6685000    0.0033000000
       4.2544674       6.6685000    0.0033000000
       4.2546184       6.6998000    0.0033000000
       4.2546184       6.6998000    0.0033000000
       4.2547574       6.6726000    0.0031000000
       4.2547574       6.6726000    0.0031000000
       4.2549194       6.6327000    0.0032000000
       4.2549194       6.6327000    0.0032000000
       4.2550814       6.6680000    0.0033000000
       4.2550814       6.6680000    0.0033000000
       4.2552434       6.6451000    0.0032000000
       4.2552434       6.6451000    0.0032000000
       4.2554054       6.7564000    0.0033000000
       4.2554054       6.7564000    0.0033000000
       4.2555554       6.7443000    0.0033000000
       4.2555554       6.7443000    0.0033000000
       4.2557174       6.7167000    0.0033000000
       4.2557174       6.7167000    0.0033000000
       4.9118444       6.4240000     0.014000000
       4.9138444       6.3890000     0.016000000
       4.9152444       6.4300000     0.016000000
       4.9451344       6.5070000     0.050000000
       4.9628444       6.4420000   0.00050000000
       4.9631944       6.4810000     0.057000000
       5.2455144       6.5520000     0.087000000
       5.2456944       6.6100000     0.083000000
       5.2460744       6.7550000     0.078000000
       5.2462544       6.6690000     0.080000000
       5.2464444       6.5520000     0.094000000
       5.2468144       6.6900000     0.084000000
       5.2515974       6.8867000    0.0032000000
       5.2515974       6.8867000    0.0032000000
       5.2517594       6.9068000    0.0033000000
       5.2517594       6.9068000    0.0033000000
       5.2519214       6.8942000    0.0032000000
       5.2519214       6.8942000    0.0032000000
       5.2520714       6.8721000    0.0032000000
       5.2520714       6.8721000    0.0032000000
       5.2522104       6.9167000    0.0031000000
       5.2522104       6.9167000    0.0031000000
       5.2523724       6.9412000    0.0032000000
       5.2523724       6.9412000    0.0032000000
       5.2525234       6.8408000    0.0031000000
       5.2525234       6.8408000    0.0031000000
       5.2526734       6.8744000    0.0033000000
       5.2526734       6.8744000    0.0033000000
       5.2528354       6.8390000    0.0034000000
       5.2528354       6.8390000    0.0034000000
       5.2529974       6.7746000    0.0033000000
       5.2529974       6.7746000    0.0033000000
       5.2531364       6.7742000    0.0034000000
       5.2531364       6.7742000    0.0034000000
       5.2532874       6.8538000    0.0032000000
       5.2532874       6.8538000    0.0032000000
       5.2534494       6.9146000    0.0031000000
       5.2534494       6.9146000    0.0031000000
       5.2536114       6.8795000    0.0032000000
       5.2536114       6.8795000    0.0032000000
       5.2537734       6.8749000    0.0033000000
       5.2537734       6.8749000    0.0033000000
       5.2539234       6.8739000    0.0033000000
       5.2539234       6.8739000    0.0033000000
       5.2540854       6.9143000    0.0031000000
       5.2540854       6.9143000    0.0031000000
       5.2542364       6.8896000    0.0034000000
       5.2542364       6.8896000    0.0034000000
       5.2543984       6.9257000    0.0034000000
       5.2543984       6.9257000    0.0034000000
       5.2545484       6.9709000    0.0033000000
       5.2545484       6.9709000    0.0033000000
       5.8902744       6.1500000     0.010000000
       5.9064444       6.6990000    0.0070000000
       5.9080444       6.7020000     0.016000000
       5.9099444       6.7160000    0.0080000000
       5.9104444       6.9200000     0.060000000
       5.9399654       6.8100000    0.0050000000
       5.9401154       6.8200000    0.0040000000
       5.9402664       6.8150000    0.0040000000
       5.9407584       6.8140000    0.0080000000
       5.9408504       6.8270000    0.0080000000
       5.9409434       6.8180000    0.0080000000
       5.9638844       6.3860000     0.010000000
       5.9673644       6.7950000     0.025000000
       5.9902744       6.7450000     0.054000000
       5.9986244       6.6920000     0.030000000
       6.1630944       6.9150000    0.0050000000
       6.1650244       6.9230000    0.0040000000
       6.1671844       6.9190000    0.0040000000
       6.1693444       6.9340000    0.0040000000
       6.1715144       6.9120000    0.0040000000
       6.1737044       6.9360000    0.0050000000
       6.1757944       6.9150000    0.0050000000
       6.1781644       6.9230000    0.0040000000
       6.1796944       6.9040000    0.0070000000
       6.1820844       6.9120000    0.0090000000
       6.1843944       6.9380000    0.0060000000
       6.1864844       6.8830000    0.0070000000
       6.1885344       6.9220000    0.0070000000
       6.1910444       6.9140000    0.0040000000
       6.1930044       6.8930000     0.012000000
       6.1952344       6.9170000    0.0090000000
       6.1973644       6.9150000     0.011000000
       6.1993744       6.9020000     0.011000000
       6.2021644       6.9350000    0.0070000000
       6.2063944       6.9260000    0.0080000000
       6.2150744       6.9340000    0.0090000000
       6.2170944       6.9130000    0.0070000000
       6.2193044       6.9290000    0.0070000000
       6.2214444       6.9050000     0.011000000
       6.2237344       6.9430000    0.0090000000
       6.2258644       6.9550000    0.0080000000
       6.2277644       6.9300000    0.0090000000
       6.2300144       6.9670000    0.0090000000
       6.2323644       6.9300000    0.0080000000
       6.2342544       6.9610000     0.010000000
       6.2362244       6.9620000    0.0090000000
       6.2388144       6.9360000     0.014000000
       6.2407744       6.9270000     0.014000000
       6.2455944       6.9250000    0.0090000000
       6.2479744       6.9560000    0.0090000000
       6.2499844       6.9490000    0.0060000000
       6.2521344       6.9720000    0.0050000000
       6.2543444       6.9520000    0.0040000000
       6.2565144       6.9450000    0.0030000000
       6.2589944       6.9530000    0.0040000000
       6.2611044       6.9430000    0.0040000000
       6.2631944       6.9390000    0.0060000000
       6.2653544       6.9110000    0.0070000000
       6.2676144       6.9580000    0.0050000000
       6.2695944       6.9370000    0.0050000000
       6.2716644       6.9490000    0.0050000000
       6.2846644       6.9490000    0.0060000000
       6.2866544       6.9350000    0.0080000000
       6.2889744       6.9490000    0.0090000000
       6.2911444       6.9750000    0.0060000000
       6.2931644       6.9390000    0.0060000000
       6.2955144       6.9630000    0.0070000000
       6.2975744       6.9540000    0.0060000000
       6.2998944       6.9430000     0.010000000
       6.3019544       6.9770000    0.0050000000
       6.3041944       6.9730000    0.0050000000
       6.3063644       6.9590000    0.0070000000
       6.3085044       6.9820000    0.0050000000
       6.3107344       6.9770000    0.0060000000
       6.3128344       6.9760000    0.0050000000
       6.3149744       6.9650000    0.0040000000
       6.3171644       6.9390000    0.0080000000
       6.3188144       6.9520000     0.010000000
       6.8590244       6.8500000     0.050000000
       6.8749534       7.0810000     0.017000000
       6.8757984       7.1120000     0.017000000
       6.8766324       7.1170000     0.017000000
       6.8774534       7.0960000     0.017000000
       6.8782294       7.1270000     0.017000000
       6.8951344       6.9330000       0.0000000
       6.9125814       7.0460000    0.0060000000
       6.9127314       7.0100000    0.0060000000
       6.9128824       7.0470000    0.0060000000
       6.9263844       6.9900000     0.040000000
       6.9727444       6.9340000     0.013000000
       6.9740444       6.9270000     0.016000000
       6.9755444       6.9330000     0.014000000
       7.1485444       7.2710000      0.13700000
       7.2249644       7.1860000     0.018000000
       7.2253244       7.1500000     0.018000000
       7.2257144       7.1690000     0.017000000
       7.2260844       7.1240000     0.019000000
       7.2265044       7.1340000     0.019000000
       7.2268944       7.1650000     0.018000000
       7.2272944       7.1380000     0.018000000
       7.2276644       7.1790000     0.017000000
       7.2280444       7.1530000     0.019000000
       7.9109604       7.2200000    0.0090000000
       7.9111114       7.1890000    0.0090000000
       7.9112614       7.1980000    0.0090000000
       7.9395444       7.3100000     0.050000000
       7.9614444       7.3750000       0.0000000
       7.9878044       7.3350000     0.012000000
       7.9890644       7.3230000     0.017000000
       7.9903344       7.2820000     0.020000000
       7.9915944       7.3040000     0.017000000
       7.9928644       7.3170000     0.024000000
       8.2321704       7.3890000      0.10000000
       8.2327604       7.4400000     0.086000000
       8.2333624       7.4060000     0.097000000
       8.2373844       7.3619000     0.014500000
       8.2373844       7.3619000     0.014500000
       8.2373844       7.3143000     0.015500000
       8.2375464       7.3156000     0.015100000
       8.2375464       7.3156000     0.015100000
       8.2375464       7.3187000     0.015100000
       8.2376964       7.3265000     0.014700000
       8.2376964       7.3265000     0.014700000
       8.2376964       7.3489000     0.014300000
       8.2378354       7.2712000     0.015400000
       8.2378354       7.2712000     0.015400000
       8.2378354       7.2891000     0.015800000
       8.2379974       7.2766000     0.014800000
       8.2379974       7.2766000     0.014800000
       8.2379974       7.2733000     0.015300000
       8.2381484       7.3036000     0.015300000
       8.2381484       7.3036000     0.015300000
       8.2381484       7.3119000     0.014900000
       8.2382984       7.3036000     0.014600000
       8.2382984       7.3036000     0.014600000
       8.2382984       7.2847000     0.015200000
       8.2384604       7.3130000     0.015100000
       8.2384604       7.3130000     0.015100000
       8.2384604       7.3362000     0.015000000
       8.2386114       7.3558000     0.014100000
       8.2386114       7.3558000     0.014100000
       8.2386114       7.3617000     0.014200000
       8.2387734       7.3754000     0.014500000
       8.2387734       7.3754000     0.014500000
       8.2387734       7.3875000     0.014100000
       8.2389354       7.3156000     0.015200000
       8.2389354       7.3156000     0.015200000
       8.2389354       7.3276000     0.015000000
       8.2390974       7.3563000     0.014700000
       8.2390974       7.3563000     0.014700000
       8.2390974       7.3248000     0.015200000
       8.2392594       7.3128000     0.015500000
       8.2392594       7.3128000     0.015500000
       8.2392594       7.3053000     0.015700000
       8.2394214       7.3023000     0.015300000
       8.2394214       7.3023000     0.015300000
       8.2394214       7.3041000     0.015300000
       8.2395714       7.3322000     0.014500000
       8.2395714       7.3322000     0.014500000
       8.2395714       7.3718000     0.014400000
       8.2397454       7.3504000     0.014900000
       8.2397454       7.3504000     0.014900000
       8.2397454       7.3228000     0.015400000
       8.2399074       7.3059000     0.015400000
       8.2399074       7.3059000     0.015400000
       8.2399074       7.2903000     0.015700000
       8.2400694       7.3351000     0.014800000
       8.2400694       7.3351000     0.014800000
       8.2400694       7.3300000     0.015200000
       8.2402084       7.3697000     0.013900000
       8.2402084       7.3697000     0.013900000
       8.2402084       7.3800000     0.014000000
       8.2403704       7.3491000     0.014000000
       8.2403704       7.3491000     0.014000000
       8.2403704       7.3551000     0.014200000
       8.2405444       7.3800000     0.010200000
       8.2407404       7.3481000     0.010100000
       8.2409374       7.3222000     0.010300000
       8.2411454       7.3779000     0.010000000
       8.2413424       7.3167000     0.010600000
       8.2415394       7.3983000    0.0096000000
       8.2417244       7.3895000    0.0096000000
       8.2419324       7.3293000     0.010200000
       8.2421294       7.3500000     0.010200000
       8.2423264       7.3643000     0.010200000
       8.2425234       7.3668000     0.010100000
       8.2427194       7.3190000     0.010100000
       8.2429164       7.3872000    0.0095000000
       8.2431134       7.3647000     0.010000000
       8.2433104       7.3752000     0.010000000
       8.2435074       7.3640000     0.010100000
       8.2436924       7.3887000     0.010200000
       8.2439004       7.4020000    0.0097000000
       8.2440974       7.3552000     0.010300000
       8.2442944       7.3703000    0.0098000000
       8.8548644       7.2100000     0.050000000
       8.9217044       7.3990000     0.010000000
       8.9541644       7.2400000     0.030000000
       9.2132634       7.5434000     0.015600000
       9.2132634       7.5434000     0.015600000
       9.2134254       7.5634000     0.016000000
       9.2134254       7.5634000     0.016000000
       9.2135764       7.4835000     0.016300000
       9.2135764       7.4835000     0.016300000
       9.2137384       7.5750000     0.015000000
       9.2137384       7.5750000     0.015000000
       9.2139004       7.5573000     0.015800000
       9.2139004       7.5573000     0.015800000
       9.2140504       7.5224000     0.016800000
       9.2140504       7.5224000     0.016800000
       9.2142244       7.5664000     0.015900000
       9.2142244       7.5664000     0.015900000
       9.2143864       7.6068000     0.014900000
       9.2143864       7.6068000     0.014900000
       9.2145374       7.4818000     0.016500000
       9.2145374       7.4818000     0.016500000
       9.2146874       7.5063000     0.016200000
       9.2146874       7.5063000     0.016200000
       9.2148494       7.4921000     0.016200000
       9.2148494       7.4921000     0.016200000
       9.2150114       7.4789000     0.015500000
       9.2150114       7.4789000     0.015500000
       9.2151734       7.4824000     0.015200000
       9.2151734       7.4824000     0.015200000
       9.2153244       7.5355000     0.014500000
       9.2153244       7.5355000     0.014500000
       9.2154864       7.5383000     0.014900000
       9.2154864       7.5383000     0.014900000
       9.2156484       7.5086000     0.014700000
       9.2156484       7.5086000     0.014700000
       9.2158104       7.4910000     0.015300000
       9.2158104       7.4910000     0.015300000
       9.2159724       7.5455000     0.013200000
       9.2159724       7.5455000     0.013200000
       9.2161224       7.5326000     0.013700000
       9.2161224       7.5326000     0.013700000
       9.2162844       7.5737000     0.012300000
       9.2162844       7.5737000     0.012300000
       9.2259044       7.4860000     0.020000000
       9.2262344       7.4870000     0.020000000
       9.2266044       7.5080000     0.020000000
       9.2269544       7.4490000     0.020000000
       9.2273144       7.5310000     0.019000000
       9.2277144       7.4790000     0.019000000
       9.2280744       7.5140000     0.019000000
       9.2284244       7.4490000     0.020000000
       9.2287844       7.5010000     0.020000000
       9.9199444       7.3000000     0.023000000
       9.9199444       7.5290000     0.010000000
       9.9214444       7.3300000     0.028000000
       9.9269444       7.3820000     0.011000000
       9.9284444       7.4000000     0.013000000
       10.496915       7.4720000    0.0060000000
       10.868425       7.7240000     0.020000000
       10.869213       7.7120000     0.021000000
       10.869976       7.7500000     0.025000000
       10.870763       7.7120000     0.028000000
       10.871539       7.7480000     0.025000000
       11.227064       7.6730000     0.021000000
       11.227444       7.6740000     0.022000000
       11.227854       7.6660000     0.023000000
       11.228244       7.6780000     0.023000000
       11.228644       7.6650000     0.023000000
       11.229004       7.6480000     0.024000000
       11.229374       7.6830000     0.024000000
       11.229734       7.5890000     0.026000000
       11.230094       7.6100000     0.026000000
       11.904864       7.9000000       0.0000000
       11.908576       7.6900000    0.0060000000
       11.908726       7.6860000    0.0060000000
       11.908877       7.6830000    0.0060000000
       11.915944       7.5300000     0.013000000
       11.917544       7.5240000     0.013000000
       11.934884       7.5470000     0.023000000
       11.951144       7.6700000     0.017000000
       11.985519       8.3000000      0.67000000
       12.891544       7.5880000     0.011000000
       12.893544       7.5960000     0.010000000
       12.943914       7.8450000    0.0070000000
       13.911714       7.8610000     0.012000000
       14.033536       8.4306000      0.56000000
       14.154022       8.1409000     0.026300000
       14.154436       8.1319000     0.027500000
       14.154851       8.1253000     0.027900000
       14.155268       8.1149000     0.029100000
       14.155630       8.1487000     0.022900000
       14.156101       8.1162000     0.033700000
       14.156460       8.1150000     0.024900000
       14.156517       8.1258000     0.029800000
       14.156934       8.0722000     0.028800000
       14.157293       8.1456000     0.024900000
       14.157710       8.0910000     0.035400000
       14.157767       8.1416000     0.028800000
       14.158126       8.1153000     0.026200000
       14.158183       8.1482000     0.029300000
       14.158542       8.0775000     0.025900000
       14.158600       8.1318000     0.027200000
       14.158959       8.1090000     0.026300000
       14.159017       8.1499000     0.028100000
       14.159375       8.1234000     0.025600000
       14.159434       8.1276000     0.028600000
       14.159792       8.1686000     0.025300000
       14.159850       8.0304000     0.032600000
       14.160208       8.1090000     0.024900000
       14.160625       8.1486000     0.025200000
       14.161042       8.1001000     0.026100000
       14.161459       8.0531000     0.028500000
       14.214259       8.1920000    0.0050000000
       14.214687       7.9850000    0.0070000000
       14.215115       8.1420000    0.0050000000
       14.215532       8.1450000    0.0050000000
       14.215960       8.1400000    0.0050000000
       14.235046       7.8995000    0.0071000000
       14.235208       7.8953000    0.0067000000
       14.235358       7.8863000    0.0071000000
       14.235509       7.8889000    0.0069000000
       14.235671       7.8814000    0.0070000000
       14.235821       7.9088000    0.0068000000
       14.235972       7.9240000    0.0067000000
       14.236134       7.8970000    0.0070000000
       14.236284       7.8897000    0.0067000000
       14.236435       7.8937000    0.0069000000
       14.236597       7.9244000    0.0065000000
       14.236759       7.8904000    0.0067000000
       14.236921       7.8974000    0.0065000000
       14.237083       7.9378000    0.0064000000
       14.237233       7.9317000    0.0065000000
       14.237395       7.9226000    0.0066000000
       14.237557       7.9162000    0.0068000000
       14.237708       7.9122000    0.0068000000
       14.237870       7.8927000    0.0068000000
       14.238020       7.9010000    0.0070000000
       14.560704       7.9570000     0.011000000
       14.825004       7.2100000     0.010000000
       14.904604       8.0230000    0.0070000000
       14.909024       7.8750000     0.041000000
       14.915974       8.0800000     0.010000000
       14.923900       7.9790000    0.0080000000
       14.924050       7.9750000    0.0080000000
       14.924201       7.9970000    0.0070000000
       14.927474       7.9830000    0.0080000000
       15.152744       8.1522000     0.049500000
       15.153166       8.1264000     0.051100000
       15.153582       8.1535000     0.048700000
       15.153998       8.1925000     0.055400000
       15.154269       8.1743000     0.030400000
       15.154414       8.2348000     0.041300000
       15.154691       8.1647000     0.030400000
       15.154831       8.1919000     0.045300000
       15.155106       8.2102000     0.027700000
       15.155247       8.1805000     0.046600000
       15.155522       8.1674000     0.040600000
       15.155939       8.2277000     0.028100000
       15.156081       8.1826000     0.046600000
       15.156355       8.2247000     0.028100000
       15.156497       8.2092000     0.043200000
       15.156772       8.1787000     0.029500000
       15.156914       8.1314000     0.049600000
       15.157188       8.1797000     0.028100000
       15.157330       8.1671000     0.048300000
       15.157605       8.1762000     0.029400000
       15.157747       8.2007000     0.047800000
       15.158021       8.1950000     0.028700000
       15.158164       8.1696000     0.045900000
       15.158438       8.1885000     0.029600000
       15.158580       8.1798000     0.045100000
       15.158855       8.2092000     0.029700000
       15.159272       8.2015000     0.030000000
       15.159688       8.1580000     0.029800000
       15.160104       8.1905000     0.028000000
       15.234467       8.0216000    0.0035000000
       15.234641       8.0048000    0.0036000000
       15.234803       8.0044000    0.0038000000
       15.234965       8.0094000    0.0036000000
       15.235127       8.0456000    0.0037000000
       15.235289       8.0373000    0.0035000000
       15.235439       8.0509000    0.0034000000
       15.235590       8.0353000    0.0036000000
       15.235740       8.0372000    0.0034000000
       15.235891       8.0431000    0.0034000000
       15.236041       8.0414000    0.0034000000
       15.236203       8.0418000    0.0037000000
       15.236342       8.0222000    0.0038000000
       15.236504       8.0505000    0.0035000000
       15.236666       8.0282000    0.0035000000
       15.236840       8.0315000    0.0036000000
       15.237002       8.0593000    0.0035000000
       15.237175       8.0496000    0.0033000000
       15.237338       8.0455000    0.0033000000
       15.237511       8.0557000    0.0034000000
       15.549494       7.9730000    0.0090000000
       15.912314       8.0450000    0.0080000000
       15.912465       8.0170000    0.0080000000
       15.912604       8.0900000    0.0080000000
       15.913194       8.1330000     0.010000000
       15.923614       7.9460000     0.044000000
       15.931122       7.9230000     0.024000000
       15.933159       7.8140000     0.027000000
       15.935185       7.8880000     0.024000000
       15.937222       7.8120000     0.027000000
       15.939247       7.8510000     0.026000000
       15.941284       7.7450000     0.029000000
       15.943310       7.8520000     0.027000000
       15.945335       7.8570000     0.027000000
       15.947372       7.8130000     0.027000000
       15.949398       7.8610000     0.027000000
       15.951423       7.8450000     0.027000000
       15.953460       7.8750000     0.026000000
       15.955486       7.8500000     0.028000000
       15.957500       7.8250000     0.028000000
       15.959525       7.8370000     0.029000000
       15.961550       7.8500000     0.028000000
       15.963576       7.8520000     0.029000000
       15.965601       7.9080000     0.029000000
       15.967627       7.8780000     0.029000000
       15.969652       7.7770000     0.031000000
       16.153254       8.0560000     0.019000000
       16.155129       8.2253000     0.023000000
       16.155545       8.2734000     0.036700000
       16.155961       8.1721000     0.023500000
       16.156794       8.1761000     0.024000000
       16.157210       8.2176000     0.022400000
       16.157626       8.2280000     0.022800000
       16.158043       8.1769000     0.024800000
       16.158459       8.2166000     0.023200000
       16.158876       8.1881000     0.023400000
       16.159292       8.1895000     0.029600000
       16.159708       8.2208000     0.023300000
       16.160125       8.2322000     0.023800000
       16.160545       8.2027000     0.024400000
       16.261331       7.9670000    0.0041000000
       16.261493       7.9783000    0.0041000000
       16.261632       7.9769000    0.0041000000
       16.261782       7.9832000    0.0041000000
       16.261932       7.9809000    0.0042000000
       16.262094       7.9771000    0.0042000000
       16.262257       7.9991000    0.0041000000
       16.262407       8.0203000    0.0040000000
       16.262581       7.9896000    0.0042000000
       16.262731       8.0033000    0.0043000000
       16.262882       8.0229000    0.0041000000
       16.263044       8.0216000    0.0040000000
       16.263194       7.9833000    0.0042000000
       16.263356       7.9891000    0.0043000000
       16.263507       8.0035000    0.0043000000
       16.263669       8.0066000    0.0042000000
       16.263831       7.9883000    0.0043000000
       16.264004       8.0102000    0.0043000000
       16.264155       8.0143000    0.0042000000
       16.264328       8.0192000    0.0043000000
       16.879144       8.0500000     0.020000000
       16.885904       8.1850000    0.0080000000
       16.913969       7.8500000     0.036000000
       16.915196       7.8030000     0.039000000
       16.916192       7.9170000     0.035000000
       16.917419       7.8780000     0.035000000
       16.918414       7.8630000     0.037000000
       16.919629       7.9060000     0.032000000
       16.920625       7.8360000     0.036000000
       16.921851       7.7690000     0.036000000
       16.922835       7.8900000     0.033000000
       16.924050       7.9730000     0.031000000
       16.925046       7.8670000     0.034000000
       16.926261       7.9750000     0.030000000
       16.927257       7.9030000     0.032000000
       16.928472       7.8000000     0.036000000
       16.929467       7.8190000     0.034000000
       16.930694       7.8360000     0.034000000
       16.931678       7.8340000     0.034000000
       16.932905       7.9070000     0.032000000
       16.933784       8.1880000     0.018000000
       16.933888       7.8810000     0.033000000
       16.934884       7.9590000     0.032000000
       17.096014       8.2360000     0.034000000
       17.129494       8.3626000     0.021500000
       17.129911       8.3722000     0.020800000
       17.130329       8.3944000     0.022300000
       17.131193       8.3398000     0.021500000
       17.131624       8.3742000     0.020700000
       17.132053       8.4432000     0.020200000
       17.132484       8.3774000     0.020700000
       17.132915       8.3704000     0.021200000
       17.133351       8.4232000     0.020700000
       17.133781       8.3828000     0.020900000
       17.134211       8.3145000     0.021700000
       17.134640       8.3885000     0.020200000
       17.135072       8.3433000     0.020300000
       17.884944       8.3370000    0.0090000000
       17.906944       8.3930000     0.010000000
       17.922224       8.3730000     0.040000000
       18.018054       7.6600000     0.080800000
       18.086044       7.9770000     0.041000000
       18.090274       7.7970000    0.0010000000
       18.850057       8.1240000     0.022000000
       18.851203       8.1440000     0.019000000
       18.852314       8.1940000     0.016000000
       18.853449       8.3320000     0.015000000
       18.854571       8.2470000     0.018000000
       18.881764       8.2960000    0.0080000000
       18.893044       8.1720000    0.0060000000
       18.893194       8.1960000    0.0060000000
       18.893344       8.2500000    0.0060000000
       18.896054       8.2060000     0.037000000
       18.897244       8.1080000     0.012000000
       18.898844       8.0080000     0.018000000
       18.906254       8.2720000       0.0000000
       18.913884       7.7000000     0.010000000
       19.147043       8.6468000     0.020400000
       19.147465       8.6072000     0.021100000
       19.147881       8.6048000     0.019700000
       19.148298       8.5811000     0.020900000
       19.148715       8.6004000     0.019300000
       19.149131       8.6500000     0.020900000
       19.149548       8.5777000     0.021100000
       19.149965       8.6104000     0.020900000
       19.150382       8.6216000     0.019700000
       19.150799       8.6347000     0.021400000
       19.151216       8.6809000     0.020100000
       19.151632       8.6189000     0.021500000
       19.152466       8.6324000     0.020600000
       19.837544       8.3500000     0.040000000
       19.902774       8.3710000       0.0000000
       20.000844       8.4350000    0.0060000000
       20.000983       8.3410000    0.0060000000
       20.228993       8.4925000    0.0027000000
       20.229155       8.4878000    0.0025000000
       20.229305       8.5212000    0.0025000000
       20.229456       8.5099000    0.0026000000
       20.229618       8.4974000    0.0026000000
       20.229768       8.4917000    0.0025000000
       20.229930       8.5252000    0.0025000000
       20.230092       8.5165000    0.0025000000
       20.230254       8.5489000    0.0025000000
       20.230405       8.5060000    0.0025000000
       20.230555       8.5248000    0.0025000000
       20.230717       8.5378000    0.0025000000
       20.230879       8.4995000    0.0027000000
       20.231041       8.5117000    0.0026000000
       20.231203       8.5123000    0.0025000000
       20.231354       8.5113000    0.0025000000
       20.231504       8.5072000    0.0025000000
       20.231666       8.5289000    0.0025000000
       20.231828       8.5287000    0.0025000000
       20.231979       8.5257000    0.0026000000
       20.924744       8.6250000     0.017000000
       21.190744       8.9830000    0.0010000000
       21.193244       9.0200000    0.0050000000
       21.193244       9.0040000    0.0010000000
       21.195724       8.9780000    0.0030000000
       21.915682       8.6680000    0.0070000000
       21.930544       8.5000000      0.10000000
       22.264467       8.4981000    0.0031000000
       22.264629       8.4836000    0.0032000000
       22.264791       8.5150000    0.0031000000
       22.264953       8.5300000    0.0032000000
       22.265115       8.5170000    0.0030000000
       22.265266       8.4817000    0.0031000000
       22.265416       8.5345000    0.0031000000
       22.265578       8.5218000    0.0030000000
       22.265740       8.5223000    0.0031000000
       22.265879       8.5188000    0.0030000000
       22.266041       8.5428000    0.0031000000
       22.266192       8.5432000    0.0030000000
       22.266342       8.4887000    0.0031000000
       22.266504       8.5254000    0.0030000000
       22.266643       8.5181000    0.0032000000
       22.266805       8.5248000    0.0030000000
       22.266967       8.5279000    0.0029000000
       22.267129       8.5500000    0.0030000000
       22.267291       8.5124000    0.0031000000
       22.267442       8.5337000    0.0030000000
       22.890555       8.6870000    0.0070000000
       22.890694       8.6950000    0.0060000000
       22.890844       8.6460000    0.0070000000
       23.009410       8.6790000      0.72000000
       23.073614       8.1580000    0.0020000000
       23.113144       8.8320000    0.0070000000
       23.252754       8.5647000    0.0034000000
       23.252893       8.5583000    0.0034000000
       23.253055       8.6061000    0.0034000000
       23.253217       8.5986000    0.0032000000
       23.253368       8.6122000    0.0031000000
       23.253530       8.6031000    0.0033000000
       23.253703       8.5881000    0.0033000000
       23.253854       8.6091000    0.0033000000
       23.254016       8.6205000    0.0033000000
       23.873644       8.3400000     0.080000000
       23.914584       8.6010000     0.057000000
       24.192544       8.7460000    0.0010000000
       24.192814       8.7580000    0.0010000000
       24.193074       8.7690000    0.0010000000
       24.193334       8.7540000    0.0010000000
       24.193604       8.7600000    0.0010000000
       24.193864       8.7510000    0.0010000000
       24.194124       8.7540000    0.0010000000
       24.194384       8.7550000    0.0010000000
       24.194654       8.7590000    0.0010000000
       24.194914       8.7550000    0.0010000000
       24.195174       8.7520000    0.0010000000
       24.195444       8.7540000    0.0010000000
       24.195704       8.7400000    0.0010000000
       24.195974       8.7150000    0.0010000000
       24.196234       8.6980000    0.0010000000
       24.196494       8.6900000    0.0010000000
       24.196754       8.7150000    0.0010000000
       24.197024       8.6910000    0.0010000000
       24.197294       8.7000000    0.0010000000
       24.197544       8.7200000    0.0010000000
       24.871524       7.8940000     0.010000000
       24.880578       8.7790000     0.014000000
       24.880729       8.7460000     0.014000000
       24.880868       8.7810000     0.013000000
       24.908334       8.5560000     0.020000000
       25.104864       8.3800000    0.0020000000
       25.107464       8.8220000    0.0070000000
       25.108424       8.8100000     0.010000000
       25.109394       8.8050000    0.0060000000
       25.110354       8.8210000    0.0030000000
       25.111294       8.8040000    0.0020000000
       25.112334       8.8000000    0.0050000000
       25.113104       8.7910000    0.0080000000
       25.223171       8.7482000    0.0028000000
       25.223321       8.7634000    0.0027000000
       25.223472       8.7798000    0.0027000000
       25.223622       8.7755000    0.0026000000
       25.223773       8.7766000    0.0027000000
       25.223923       8.7814000    0.0028000000
       25.224085       8.7697000    0.0026000000
       25.224236       8.7733000    0.0027000000
       25.224398       8.7925000    0.0026000000
       25.224548       8.7873000    0.0026000000
       25.224699       8.7912000    0.0026000000
       25.224849       8.8044000    0.0027000000
       25.225000       8.8130000    0.0027000000
       25.225150       8.7997000    0.0027000000
       25.225312       8.8120000    0.0026000000
       25.225463       8.7894000    0.0026000000
       25.225613       8.8047000    0.0027000000
       25.225775       8.8019000    0.0027000000
       25.225925       8.7834000    0.0027000000
       25.226076       8.8076000    0.0026000000
       25.882210       8.8810000     0.010000000
       25.882361       8.8650000     0.010000000
       25.882511       8.8680000     0.010000000
       25.906434       8.8880000    0.0090000000
       25.911804       8.9150000       0.0000000
       26.120304       9.1370000     0.013000000
       26.120304       9.0910000    0.0090000000
       26.122784       9.2440000    0.0060000000
       26.125274       9.2300000     0.011000000
       26.222743       8.8438000    0.0030000000
       26.222893       8.8433000    0.0031000000
       26.223044       8.8401000    0.0029000000
       26.223206       8.8386000    0.0029000000
       26.223344       8.8394000    0.0029000000
       26.223495       8.8798000    0.0028000000
       26.223657       8.8513000    0.0031000000
       26.223807       8.8667000    0.0029000000
       26.223958       8.8592000    0.0029000000
       26.224108       8.8800000    0.0029000000
       26.224259       8.8607000    0.0029000000
       26.224409       8.8824000    0.0029000000
       26.224571       8.8807000    0.0029000000
       26.224722       8.8850000    0.0029000000
       26.224884       8.9044000    0.0029000000
       26.225057       8.8916000    0.0028000000
       26.225231       8.8823000    0.0029000000
       26.225382       8.8604000    0.0029000000
       26.225544       8.8808000    0.0029000000
       26.225706       8.8851000    0.0029000000
       26.861144       8.9900000     0.070000000
       26.887154       8.9960000     0.011000000
       26.892364       8.9610000       0.0000000
       27.877442       9.1120000     0.010000000
       27.877592       9.1100000     0.010000000
       27.877731       9.0940000     0.010000000
       27.911864       9.0840000     0.020000000
       27.913194       8.8600000     0.022000000
       28.220023       8.9945000    0.0028000000
       28.220173       9.0057000    0.0027000000
       28.220324       9.0249000    0.0026000000
       28.220486       9.0160000    0.0027000000
       28.220636       8.9903000    0.0027000000
       28.220775       9.0207000    0.0026000000
       28.220937       9.0260000    0.0027000000
       28.221088       9.0261000    0.0027000000
       28.221250       9.0263000    0.0027000000
       28.221412       9.0133000    0.0027000000
       28.221562       9.0500000    0.0027000000
       28.221713       9.0181000    0.0027000000
       28.221875       9.0311000    0.0026000000
       28.222037       9.0329000    0.0025000000
       28.222187       9.0398000    0.0025000000
       28.222338       9.0332000    0.0027000000
       28.222500       9.0341000    0.0027000000
       28.222662       9.0294000    0.0026000000
       28.222800       9.0323000    0.0026000000
       28.222963       9.0112000    0.0026000000
       28.869444       9.2700000     0.060000000
       28.874745       9.1030000    0.0080000000
       28.874895       9.0930000    0.0090000000
       28.875046       9.1010000     0.010000000
       29.110984       9.2060000    0.0030000000
       29.111924       9.2070000    0.0020000000
       29.112914       9.2050000    0.0010000000
       29.113914       9.2070000    0.0010000000
       29.114914       9.2050000    0.0020000000
       29.115914       9.2050000    0.0010000000
       29.116914       9.2050000    0.0020000000
       29.117904       9.2040000    0.0020000000
       29.118734       9.2050000       0.0000000
       29.146652       9.2718000     0.024500000
       29.147069       9.2682000     0.024400000
       29.148730       9.2673000     0.023500000
       29.149975       9.2723000     0.025600000
       29.151223       9.2616000     0.024500000
       29.151639       9.2801000     0.023800000
       29.152054       9.2943000     0.023300000
       29.218391       9.1083000    0.0032000000
       29.218541       9.1031000    0.0033000000
       29.218703       9.1322000    0.0032000000
       29.218854       9.1027000    0.0033000000
       29.218993       9.1087000    0.0032000000
       29.219155       9.1453000    0.0030000000
       29.219305       9.1409000    0.0031000000
       29.219456       9.1259000    0.0033000000
       29.219618       9.1313000    0.0031000000
       29.219791       9.1101000    0.0033000000
       29.219942       9.1235000    0.0032000000
       29.220104       9.1356000    0.0031000000
       29.220254       9.1504000    0.0031000000
       29.220405       9.1317000    0.0032000000
       29.220555       9.1551000    0.0030000000
       29.220706       9.1372000    0.0032000000
       29.220868       9.1398000    0.0030000000
       29.221030       9.1412000    0.0031000000
       29.221180       9.1395000    0.0031000000
       29.221331       9.1447000    0.0033000000
       29.892245       9.0880000    0.0040000000
       29.892384       9.1720000    0.0040000000
       29.892534       9.2600000    0.0040000000
       30.149692       9.2723000     0.024800000
       30.150456       9.3223000     0.023600000
       30.151224       9.2624000     0.023500000
       30.151992       9.3167000     0.023900000
       30.152764       9.2569000     0.025300000
       30.153532       9.2599000     0.024800000
       30.154299       9.2992000     0.024200000
       30.155067       9.2976000     0.025100000
       30.155836       9.2889000     0.024000000
       30.156603       9.2761000     0.024600000
       30.157371       9.2881000     0.023500000
       30.158140       9.2622000     0.025100000
       30.158908       9.2652000     0.025700000
